W0323 00:19:23.682000 35151 torch/distributed/run.py:803] 
W0323 00:19:23.682000 35151 torch/distributed/run.py:803] *****************************************
W0323 00:19:23.682000 35151 torch/distributed/run.py:803] Setting OMP_NUM_THREADS environment variable for each process to be 1 in default, to avoid your system being overloaded, please further tune the variable for optimal performance in your application as needed. 
W0323 00:19:23.682000 35151 torch/distributed/run.py:803] *****************************************
logs/2bea1171-eb2e-478c-a79e-e7667f070d4b.txt
val_bpb:enabled tokenizer_kind=sentencepiece tokenizer_path=./data/tokenizers/fineweb_1024_bpe.model
train_loader:dataset:fineweb10B_sp1024 train_shards:80
val_loader:shards pattern=./data/datasets/fineweb10B_sp1024/fineweb_val_*.bin tokens:62021632
model:SSDGolf d=1536 n_blocks=1 n_iters=4 expand=2 d_state=64 headdim=64 ngroups=1 chunk_size=64
model_params:31878420
world_size:8 grad_accum_steps:1
qat:4bit group_size=128
tie_embeddings:False embed_lr:0.6 head_lr:0.008 matrix_lr:0.03 scalar_lr:0.03
train_batch_tokens:524288 train_seq_len:1024 iterations:20000 warmup_steps:5 max_wallclock_seconds:600.000 grad_clip_norm:1.0
seed:1337
warmup_step:1/5
warmup_step:2/5
warmup_step:3/5
warmup_step:4/5
warmup_step:5/5
step:0/20000 val_loss:6.9315 val_bpb:4.1052 train_time:0ms step_avg:0.02ms
step:1/20000 train_loss:6.9315 train_time:206ms step_avg:206.29ms tok/s:2541510
step:2/20000 train_loss:6.7307 train_time:370ms step_avg:185.12ms tok/s:2832132
step:3/20000 train_loss:6.4816 train_time:529ms step_avg:176.28ms tok/s:2974181
step:4/20000 train_loss:6.2195 train_time:732ms step_avg:183.12ms tok/s:2863016
step:5/20000 train_loss:5.8372 train_time:894ms step_avg:178.87ms tok/s:2931106
step:6/20000 train_loss:5.6197 train_time:1052ms step_avg:175.38ms tok/s:2989408
step:7/20000 train_loss:5.1915 train_time:1213ms step_avg:173.32ms tok/s:3024975
step:8/20000 train_loss:4.9796 train_time:1389ms step_avg:173.62ms tok/s:3019666
step:9/20000 train_loss:4.8125 train_time:1549ms step_avg:172.11ms tok/s:3046241
step:10/20000 train_loss:4.7512 train_time:1709ms step_avg:170.93ms tok/s:3067299
step:200/20000 train_loss:3.4680 train_time:34390ms step_avg:171.95ms tok/s:3049095
step:400/20000 train_loss:3.2696 train_time:67606ms step_avg:169.02ms tok/s:3102017
step:600/20000 train_loss:3.8929 train_time:101996ms step_avg:169.99ms tok/s:3084154
step:800/20000 train_loss:4.0247 train_time:135826ms step_avg:169.78ms tok/s:3088000
step:1000/20000 train_loss:3.9849 train_time:169697ms step_avg:169.70ms tok/s:3089559
step:1000/20000 val_loss:4.0889 val_bpb:2.4217 train_time:169712ms step_avg:169.71ms
step:1200/20000 train_loss:3.8631 train_time:202789ms step_avg:168.99ms tok/s:3102461
step:1400/20000 train_loss:3.8768 train_time:236957ms step_avg:169.25ms tok/s:3097624
Connection to 63.141.33.78 closed by remote host.
